11530
10451
10001
10011
30303
10005
10003
20001
14202
10025
10013
10004
11201
30005
20002
10002
33132
20011
20151
10022
10044
14215
44102
30324
21215
10023
02124
11211
11101
10021
32210
10010
43230
43231
04401
43201
50012
20012
11001
34243
33142
10012
23220
50315
30004
11215
15213
55401
20003
10014
02120
21131
11220
11203
10314
55442
11234
33125
10024
45202
30350
30331
15211
20005
30022
33134
11413
10034
11212
53215
43215
32003
35211
45211
22102
30024
11221
11235
33122
40202
21234
21113
55125
15212
33311
33025
35004
22030
11204
55104
